0.6650494054103625 0.05705410638315524
0.6845518334520766 0.08489638477910026
0.6462062100776162 0.24961171542630417
0.655231185660343 0.0950584856509658
0.6951775541367874 0.12948112222825578
0.6839225259457272 0.20412691521649068
0.6283208960189728 0.14650226776950442
0.795189305463203 0.16182116981434708
0.6512595336743928 0.2331375476029506
0.6399500916156252 0.13851469287586265
0.6375853402139925 0.0776252850836797
0.6683420990541448 0.11734128640190357
0.7213844075469917 0.12659672905841238
0.7152618587236247 0.10715637529830543
0.7370396743853465 0.12884719405223255
0.7606043974961324 0.17211855738326828
0.6710959881855256 0.06615106414295349
0.28565518655648253 0.6516218867813517
0.42205448639079485 0.5076938888810345
0.3654890591163919 0.6063266659562285
0.414370606015526 0.5579574611657511
0.3451344632459082 0.5840773559657383
0.3848604660648256 0.660920108606827
0.3676293145646887 0.6307331460657807
0.4074731216021976 0.5427475895182062
0.3286707525649654 0.516941903092893
0.3844729039790551 0.5765819412045794
0.4076954161798791 0.6348537191478062
0.3863228353919348 0.543186792029144
0.33725816500317046 0.6439978606535833
0.34412797641674203 0.5497605661666108
0.24402839456675987 0.6889346447607647
0.18323522690970767 0.7338118187375977
0.1407240465813742 0.7912098929173155
0.16528146312580858 0.7509347145721698
0.17568020702162493 0.8791403922522306
0.20262853626157054 0.7889326353151385
0.16236496818063006 0.8322112559285066
0.19590033883799376 0.7793907924554068
0.1259605227632245 0.8333703215105016
0.13290511485507212 0.7774889851056943
0.19227513815351793 0.7983214590615502
0.13200710553838768 0.7919426958597008
0.6464479016177445 0.4265853148138896
0.6804202966151167 0.5404608723451906
0.663627559570631 0.5207455063814956
0.6959558303147261 0.5245491210809207
0.7157119921774204 0.516941903092893
0.6357893246338674 0.5055310818162617
0.6292985621947705 0.45415112042112404
0.6970184713501745 0.4244825514906748
0.6842817307500098 0.41614631895292536
0.7282841010588207 0.5378617382964421
0.735839972258033 0.11920587165261128
0.763447307909052 0.5265200323642836
0.7366363414914983 0.5815557926800283
0.7922820995078182 0.5051190256491412
0.20623325159848474 0.6408131917218463
0.6471341553730097 0.5125360594789512
0.7441937967759767 0.5018542641628632
0.44547159861736296 0.5272433415033668
0.8638832330878555 0.48080763191328685
0.8782104599520882 0.5339522425863921
0.8507954397956808 0.4195070682677829
0.8814579425092353 0.5051239437131114
0.8692712782118714 0.5112364924545769
0.8998035357106429 0.5036292744665493
0.8400961291906666 0.5025152017528476
0.8290650928115016 0.5191250670628227
0.8612445834655874 0.4394420012544824
0.8677596352121032 0.4659101771414748
0.8531071428398241 0.5359599423575518
0.8890274454626114 0.490316657251027
0.8919379381255215 0.48228706771344504
0.8926194773413036 0.4674950146977654
0.8980075224653195 0.48270943926299936
0.8551711251213455 0.5496295699383558
0.8342190543151046 0.4978604767160419
0.8680317961474077 0.5778997655429964
0.8622827520000826 0.5244102856184478
0.8540051521565082 0.3647976232080861
0.8819382328515899 0.4742858568883781
0.8425189714415827 0.4889329924738439
0.8404217287575108 0.48210135659716813
0.8555967806861428 0.5622258614374158
0.9195028860255499 0.46882006208604976
0.8836394003385954 0.5435671489347581
0.9123756392039979 0.4674950146977654
0.8378410167844609 0.44086975744507884
0.886888445428828 0.46986210969585324
0.9042935715179743 0.46939681063665645
0.8716022058010172 0.4795306697258623
0.3942253033698396 0.6957114402303863
0.3220078959646074 0.7282748774646101
0.3717347570991131 0.6827846114714061
0.3758833902032516 0.7234491270385102
0.37357112680241555 0.8022124350086691
0.39691196047416305 0.7299407432627859
0.4069574318033782 0.7818110276481806
0.3191597753120527 0.7614255954374787
0.38357380088921056 0.8452598723829718
0.4058993975465106 0.7502614989384909
0.05028841936146605 0.48841484990131534
0.07228164906724595 0.4813563440760168
0.07207647230892346 0.501070705887439
0.055138667537518386 0.5160759358662091
0.04171245113110433 0.5493676573575933
0.13497370930321956 0.47253429582241463
0.06929624641297627 0.5280357545761014
0.10087617695784179 0.46689277437242716
0.03232827074409503 0.5359599423575518
0.0860889888455073 0.48629117054270016
0.02694022562007913 0.5150400957431804
0.8141067857740738 0.3227960218362496
0.7315973878110672 0.40097463932419375
0.7396738303779815 0.4589685865909768
0.7841177887010214 0.4266323273975498
0.7155975878153021 0.3953137651213204
0.7250767217215321 0.44890465301455484
0.6843227337734038 0.40727375499353224
0.7362752347072864 0.3341221748190079
0.7487324489144622 0.37510334067653933
0.7588163531695472 0.41614631895292536
0.7842978571690659 0.40594656237084714
0.7893486106683185 0.32105613404045236
0.7543263173622158 0.3800120477733201
0.6981038661001819 0.4083094810083484
0.11663603652814422 0.5876902501983456
0.15809661271383607 0.6098033948585414
0.163182932698952 0.5939332474486458
0.20476068270195588 0.5417604393695649
0.6497982419563085 0.8980633337323696
0.1625393630371592 0.5701924061874447
0.14408263062897822 0.5854598910716156
0.17994502793081762 0.5262371581048366
0.18293909994969193 0.5015372943694405
0.15535529927977462 0.5378617382964421
0.1573583966513946 0.6266511301488488
0.20833774659129362 0.516941903092893
0.1696785228264802 0.5683856852114307
0.17780548909252228 0.5644869955491295
0.1539638204623621 0.516887473475403
0.45341896517528635 0.6708612046922073
0.5264120086163461 0.7302925617043868
0.4946618751140581 0.6414375005755327
0.498972796137332 0.7338035344813506
0.4849329514358789 0.6166174808920947
0.49121011560212446 0.7527655466135416
0.4592270353569447 0.7573583793557428
0.4648347349165313 0.7142303245291199
0.6294434036237944 0.7437636752274411
0.47414797091339267 0.7603727531907478
0.4606778581033531 0.7527655466135416
0.4914069570546401 0.6775172622618999
0.45990995391227846 0.7605607692929228
0.5002573599753486 0.6551294591335758
0.4811900920100301 0.7058740660000302
0.5257519730886543 0.7018132970323157
0.13028592685179174 0.8647183807597305
0.5036620656892141 0.6907060036016427
0.4293738547373336 0.6638208534835596
0.4886180510179983 0.8676851030050844
0.47470342448522745 0.6436761896017956
0.42997790847618694 0.6219870710602392
0.47085743787570505 0.6732961712552488
0.48726741358262593 0.7112780141510389
0.4427177094859821 0.7033186468075926
0.45888184485802963 0.8383467061882744
0.5439910985184115 0.7217603254895687
0.6151351534544887 0.541665352995867
0.5639068758298598 0.47139686515755996
0.44002368692397414 0.5036292744665493
0.5961722249829967 0.4782401971260456
0.5908889503964173 0.5473707636341822
0.5692362451424752 0.5236045675281049
0.5352124805228904 0.5397635456461546
0.5361104898395745 0.5549779702113893
0.5294801985839463 0.501600692892454
0.6218851724608178 0.5854385300141858
0.9426352400673137 0.5324794707058602
0.9096816166419902 0.5245491210809207
0.9213557162067061 0.5188437104426046
0.9366218422620693 0.4789058359743966
0.9128994811150901 0.5241687527644852
0.9233613621236698 0.4855141050245828
0.10960181969370363 0.6003042969353121
0.9285397745760456 0.5321563276581269
0.9059801158505132 0.5446538584990381
0.9116830922120278 0.5127385673241474
0.972285620056502 0.4993772259017745
0.9284366312282365 0.4808883862954623
0.9021819804697371 0.567936292837093
0.9512948738623614 0.5310079083723833
0.9434616692045256 0.5114583644634797
0.9267437613307219 0.4735807822416947
0.9676031017251604 0.5048971422294172
0.8971095131486351 0.5758978168257599
0.9377293926536268 0.6418597009627683
0.49300612884744816 0.47129861798636813
0.9224033892528004 0.5156740353300251
0.9261302785129014 0.4990646835070078
0.8987259266858398 0.5378617382964421
0.8945592436305356 0.5816077119168372
0.9518879737054777 0.47510222127497165
0.8980075224653195 0.5816032274640759
0.886472434464803 0.6264983392519553
0.9672419248963621 0.475240942629232
0.9050639380456706 0.5740178041446858
0.9276417706474064 0.6101302806556534
0.9132736485206824 0.5302545317192359
0.9711369696567388 0.5057943066414711
0.9445888266922892 0.5497191448853774
0.9101530274859804 0.5341137057074565
0.9730597743799209 0.4764980728092779
0.12460878077860159 0.737227921946468
0.13959064973735705 0.6519536449991482
0.09274819235127123 0.6121948747816978
0.18588755677854593 0.7033186468075926
0.15804932184178255 0.6900060295920704
0.13143836504727707 0.7211956039445886
0.1517632727891274 0.6736505114883521
0.26221819783145184 0.5987194593790223
0.05837048704748971 0.6443627444855463
0.0978722232642104 0.6194715555098053
0.12841507365969548 0.6804970042543302
0.13151319960600463 0.6232210258622722
0.12212902460704052 0.7014168508687015
0.17247731053787946 0.6719388882968574
0.1427831957864195 0.705220454157305
0.12482304716904828 0.6766934009657275
0.07826135542632989 0.6703223628898819
0.15406815456814363 0.6561539226677916
0.11912069582076822 0.6611620066070708
0.10389815905045845 0.7201037024566279
0.15827382551796487 0.7260769022486628
0.0963412425704919 0.6542204274673942
0.08097034597769232 0.6386573338472311
0.09764861939156359 0.583814907076376
0.1391911639077271 0.7489619319141166
0.07022418632032466 0.6302577027864689
0.11585945758441976 0.6089326350869222
0.09725421448848563 0.6117151182119432
0.11015558680741458 0.7356493146985952
0.061962518926182104 0.6405591297861222
0.13649714134571933 0.7375511106374855
0.09111125036214407 0.6872485247548238
0.5789616665913238 0.39762248235775743
0.5191920281501649 0.41854764641484343
0.5549686477736301 0.3476813912931389
0.543294548208914 0.38761926576134775
0.5819088733937092 0.42945893616844766
0.5307224447155588 0.3077435168249309
0.49300612884744816 0.47129861798636813
0.5989710180824409 0.35909221256977014
0.5109662774648192 0.444673372144503
0.4458951636206521 0.43333481559901715
0.4165652861076206 0.23707895938011225
0.4265535741139346 0.45798598936002527
0.4651678939106846 0.25829661701898193
0.37281770028858907 0.20117036001289462
0.3845118541572566 0.16339662767554808
0.4823237420921682 0.2718435554494193
0.4080523364530294 0.17527681026375017
0.40053003277493954 0.476312646963533
0.4220635329185579 0.4370661541564753
0.48672007440674797 0.2906272849099837
0.4268861943035755 0.21928127321852464
0.4651678939106846 0.2944308881985872
0.6397629378682427 0.4447486265108221
0.6627295502539465 0.7356493146985952
0.6241152250691516 0.6234428978711749
0.5787078357855314 0.7071434057588429
0.6822528623585616 0.7177210088658542
0.723794059863444 0.6310501158592035
0.6316459179334991 0.5880907700251553
0.6742404620959916 0.5962972044708832
0.6435147576131325 0.5812710926891769
0.6224963707475054 0.7352525946752705
0.6088490990137884 0.6957114402303863
0.6421843953915619 0.6896788014703209
0.5826798487705045 0.7211670768913969
0.6924262458790209 0.6473322167388277
0.6200459417055543 0.6698787443911103
0.6304012795098516 0.7394529179871979
0.27209627876279924 0.8079178456469843
0.21846146849984488 0.7380128723420872
0.2622927306596524 0.8730974837530161
0.2451560531427201 0.7527655466135416
0.29428796633463195 0.7644573365424671
0.2559321433907517 0.7946052170206407
0.2235546636305392 0.8471317377376548
0.25952417526944394 0.7318456999991703
0.19204043490791595 0.7081618215577821
0.2451560531427201 0.7641763678901727
0.2643285119129947 0.8463976681941076
0.7107937145436322 0.7278766398020557
0.6798378058328498 0.8249658408506969
0.6545047532525878 0.8304884501321607
0.6579551442010597 0.8853529454313641
0.6294739969440085 0.8706911697621995
0.6202809143534127 0.8350150088243871
0.5291060311783541 0.5751370916037111
0.6562035499997387 0.8464395230865505
0.6344806762341466 0.7786969004135746
0.6645255634992703 0.9429458936168448
0.7061388746000926 0.7977121212053785
0.2076434053802971 0.8033453241666554
0.635133653422726 0.9063726937860123
0.17483452101113986 0.6303872612512432
0.23393862811858035 0.5572427557859112
0.1994642990015899 0.5862877461552353
0.21731781820595672 0.5397635456461546
0.21971250792109978 0.6557735657621775
0.18553553962645875 0.6550922598562139
0.21728908376131031 0.7051210659039853
0.2362223025519883 0.6785123086988645
0.18693522982464014 0.5898443736281268
0.23908512717968658 0.6395723904270467
0.18513921657931662 0.610447239038254
0.20519471667692105 0.6938096328806739
0.2304060640939218 0.628107721484811
0.21034815015210176 0.6426162384134091
0.2154976126380262 0.6131898983970204
0.22090985008464892 0.5816032274640759
0.23788066202048355 0.7077966752769299
0.8172467121744548 0.6328568254243959
0.8252689132911057 0.5682905988377321
0.7449901875616223 0.7126865773402475
0.7496861329014133 0.6759632225122356
0.845414215936792 0.6990079009781708
0.8214166927133748 0.7255909381921343
0.776652275018539 0.7064377605710955
0.7896272264816813 0.6597984248753349
0.8382151841900531 0.6039811145887106
0.7408562045521762 0.6215411019322847
0.8580100322167382 0.662076253018576
0.7880439494219893 0.5673416749403675
0.7660004169269317 0.6881042222423587
0.7731844752962709 0.672889797677124
0.782164552298979 0.6234428978711749
0.7817142356516492 0.6926308950427975
0.8074733963924988 0.6750451762972455
0.6324217964313575 0.33366380212832597
0.7062525623522091 0.2569620872382162
0.5828068827103936 0.2963326955482997
0.6354835530730797 0.3306474656320611
0.6286052662645282 0.32485974873987733
0.604200886365751 0.25071272274964385
0.6315697094232654 0.3232776497806935
0.5888822969150155 0.31193143657413075
0.593762572666544 0.3081238737305442
0.24371798389912036 0.6407697393144246
0.26221819783145184 0.5987194593790223
0.30928828395989205 0.6101764146060749
0.27773544989395527 0.5672606923417679
0.2762068183879109 0.7074137281148866
0.2631162017600911 0.5435671489347581
0.28397991401434314 0.6540936304213678
0.26619383158274845 0.7323123911785636
0.3131482794867369 0.7077615299473982
0.3068195678927899 0.5861360392863619
0.297464989425692 0.6659165192759409
0.2855663915728388 0.6272465125705999
0.28973242806272786 0.7142499511417156
0.504680228412164 0.5816032274640759
0.5249679586426587 0.612866858046679
0.45367232183310785 0.6077174967291736
0.4993592267336264 0.5883153349878791
0.5571465494932086 0.6566412788445161
0.560544250748413 0.5838489113237804
0.5262324089082274 0.6652825796890962
0.5155816607539156 0.627746797207831
0.4367084012069868 0.5786647926446664
0.5484168387832781 0.6053325209741447
0.4849240611614243 0.5663887914880197
0.45888184485802963 0.5511743669227858
0.44559133175610877 0.5625217896764042
0.5585606796523223 0.629148308509491
0.5918001388714748 0.5879740373234957
0.521862289433176 0.5800996577769177
0.5996744543136069 0.8288059929998494
0.5219369354103242 0.7788202513915748
0.5781555611603199 0.8363822534297534
0.5330722304626385 0.9095375535320135
0.4879413664308732 0.7993216974221964
0.5761474367425992 0.7923897718373191
0.5689548922021892 0.8964068362184626
0.5667620009410759 0.8674548326317221
0.5488322624503849 0.8122603021487339
0.6225189412685299 0.9228236291772459
0.5325184579608824 0.8003106276589567
0.575814455553935 0.7616105648503729
0.5313520162361196 0.8816662460067404
0.5865996515982264 0.9418307939292284
0.5168841667821953 0.8653887893313749
0.5521916493167124 0.9014091006388909
0.20528451922500307 0.5089543281992512
0.18813257737623426 0.49412026053963054
0.24554935888459273 0.48254699481130575
0.22360387264665688 0.5245491210809207
0.21882946659377 0.5160860914971456
0.3089145853142257 0.5321563276581269
0.24605406245940434 0.490316657251027
0.30801658138558646 0.516941903092893
0.21641981427731746 0.4846112466127118
0.25862616595275967 0.5226473137312082
0.22809390845398833 0.49982567117794574
